2.05
2.41
2.09
2.48
3.62
2.65
2.82
3.37
2.69
2.45
2.72
2.09
2.22
2.1
2.3
2.07
2.59
2.8
2.32
2.21
3.04
2.69
2.62
2.09
2.04
2.26
3.26
2.26
2.05
2.28
3.08
2.12
2.03
2.44
2.55
2.6
2.95
2.27
2.69
2.44
2.16
2.68
2.12
2.2
2.23
2.17
2.1
3.17
2.09
3.12
2.11
2.91
2.42
2.03
2.12
2.47
2.19
2.06
2.01
2.98
2.11
3.64
2.07
2.09
3.85
2.5
2.21
2.35
3.32
2.24
2.92
2.27
2.32
2.03
2.23
2.03
2.43
2.62
2.34
2.05
2.51
3.34
3.17
2.13
3.21
2.49
3.61
2.56
2.71
2.02
2.87
2.37
3.17
2.44
2.14
2.21
2.63
2.53
2.18
2.99
