3.24
5.2
4.81
3.06
4.47
5.07
3.38
3.36
3.71
5.35
3.95
4.73
3.07
5.54
4.1
5.66
3.83
3.49
4.94
3.68
4.09
3.69
4
5.37
3.42
3.59
5.11
4.31
3.74
4.21
5.15
3.02
3.38
5.51
3.33
4.07
4.27
3.31
3.13
3.02
3
3.02
4.09
3.45
4.18
4.69
4.34
5.95
3.17
4.12
5.26
3.32
3.99
3.14
3.69
4.84
3.17
3.33
5.22
4.41
3.17
5.77
4.14
3.77
3.24
3.03
3.39
3.57
4.06
3.22
3.79
4.6
4.65
4.47
3.64
5.16
4.72
3.72
4.59
3.32
4.55
3.63
5.13
4.07
3.76
3.55
3.22
3.02
3.56
3.65
3.21
3.47
3.24
3.07
3.84
3.11
4.4
4.09
3.45
4.84
